# energy sector data
x = rbind(c(13621, 4848, 4572, 485, 898.9, 23.4), c(1117, 1038, 478, 59.7, 91.7,
3.8), c(1633, 701, 679, 74.3, 135.9, 2.8), c(5651, 1254, 2002, 310.7, 407.9,
6.2), c(5835, 4053, 1601, -93.8, 173.8, 10.8), c(3494, 1653, 1442, 160.9, 320.3,
6.4), c(1654, 451, 779, 84.8, 130.4, 1.6), c(1679, 1354, 687, 93.8, 154.6, 4.6),
c(1257, 355, 181, 167.5, 304, 0.6), c(1743, 597, 717, 121.6, 172.4, 3.5), c(1440,
1617, 639, 81.7, 126.4, 3.5), c(14045, 15636, 2754, 418, 1462, 27.3), c(3010,
749, 1120, 146.3, 209.2, 3.4), c(3086, 1739, 1507, 202.7, 335.2, 4.9), c(1995,
2662, 341, 34.7, 100.7, 2.3))
View(x)
